ER_Complete=[0.0436, 0.0408, 0.039 , 0.0356, 0.0348, 0.04  , 0.0394, 0.0422, 0.0358,
 0.0364, 0.0462, 0.0422, 0.048 , 0.0348, 0.0448, 0.0502, 0.0432, 0.0418,
 0.0394, 0.0374]
ER_PE_MI=[0.259 , 0.2374, 0.2624, 0.273 , 0.2556, 0.2674, 0.2564, 0.2604, 0.2618,
 0.2462, 0.266 , 0.2676, 0.2566, 0.2574, 0.2532, 0.2702, 0.2476, 0.249 ,
 0.2626, 0.2422]
ER_PE_MF=[0.2626, 0.2588, 0.2576, 0.2566, 0.2596, 0.264 , 0.2684, 0.2636, 0.2442,
 0.2608, 0.2638, 0.27  , 0.2508, 0.2624, 0.2506, 0.264 , 0.2574, 0.2824,
 0.2696, 0.2498]
ER_PE_MICE=[0.2566, 0.252 , 0.238 , 0.2564, 0.2526, 0.2626, 0.254 , 0.2652, 0.2576,
 0.2586, 0.2524, 0.256 , 0.2518, 0.2572, 0.2486, 0.2458, 0.266 , 0.233 ,
 0.2464, 0.2532]
ER_MI=[0.3006, 0.2674, 0.2834, 0.2738, 0.2968, 0.2646, 0.2792, 0.2968, 0.2784,
 0.3074, 0.2856, 0.2898, 0.2734, 0.2774, 0.2738, 0.2728, 0.3038, 0.2674,
 0.2544, 0.2566]
ER_MF=[0.2736, 0.2724, 0.2686, 0.2678, 0.2846, 0.275 , 0.2728, 0.2796, 0.274 ,
 0.265 , 0.2764, 0.287 , 0.2582, 0.269 , 0.266 , 0.2802, 0.2678, 0.278 ,
 0.2684, 0.2638]
ER_MICE=[0.2626, 0.261 , 0.248 , 0.2496, 0.2518, 0.2654, 0.2656, 0.2652, 0.2688,
 0.2674, 0.2566, 0.292 , 0.2848, 0.2612, 0.2542, 0.2566, 0.2674, 0.2576,
 0.2506, 0.2538]

