ER_Complete=[0.0322, 0.0318, 0.0296, 0.0304, 0.0346, 0.0286, 0.0316, 0.0286, 0.029 ,
 0.031 , 0.0292, 0.0346, 0.0288, 0.0304, 0.0308, 0.0322, 0.0296, 0.0304,
 0.0292, 0.0304]
ER_PE_MI=[0.2366, 0.229 , 0.2264, 0.2454, 0.2242, 0.2278, 0.2232, 0.2292, 0.2222,
 0.2106, 0.2232, 0.2416, 0.2306, 0.2234, 0.2264, 0.2386, 0.232 , 0.2342,
 0.225 , 0.238 ]
ER_PE_MF=[0.2408, 0.2462, 0.229 , 0.2592, 0.2368, 0.2352, 0.2374, 0.2446, 0.2562,
 0.2348, 0.247 , 0.2494, 0.2448, 0.2372, 0.2432, 0.242 , 0.2572, 0.2378,
 0.2366, 0.2386]
ER_PE_MICE=[0.2282, 0.2294, 0.2286, 0.2444, 0.2296, 0.2358, 0.2248, 0.2324, 0.2382,
 0.2278, 0.238 , 0.2314, 0.2312, 0.2314, 0.23  , 0.2322, 0.245 , 0.2376,
 0.2228, 0.2312]
ER_MI=[0.2486, 0.2388, 0.2304, 0.2492, 0.2452, 0.2358, 0.2392, 0.236 , 0.238 ,
 0.2322, 0.2514, 0.2464, 0.2304, 0.2362, 0.245 , 0.2412, 0.2614, 0.2406,
 0.232 , 0.2436]
ER_MF=[0.243 , 0.2416, 0.2388, 0.2606, 0.2384, 0.248 , 0.2482, 0.2452, 0.2606,
 0.2394, 0.2476, 0.2556, 0.2438, 0.2438, 0.2446, 0.2418, 0.2536, 0.2396,
 0.2488, 0.2488]
ER_MICE=[0.241 , 0.2346, 0.2306, 0.2454, 0.2324, 0.2332, 0.2424, 0.2334, 0.252 ,
 0.2478, 0.2472, 0.239 , 0.2398, 0.2324, 0.2322, 0.2356, 0.245 , 0.2444,
 0.2494, 0.2364]
