ER_Complete=[0.1586, 0.1612, 0.1516, 0.1618, 0.1474, 0.1546, 0.1566, 0.1524, 0.1494,
 0.1584, 0.1616, 0.1638, 0.1486, 0.1646, 0.1578, 0.1706, 0.1668, 0.1484,
 0.153 , 0.1672]
ER_PE_MI=[0.3152, 0.3124, 0.3238, 0.3392, 0.3062, 0.3216, 0.34  , 0.3094, 0.312 ,
 0.3308, 0.3706, 0.3184, 0.3204, 0.3284, 0.323 , 0.3254, 0.3176, 0.3156,
 0.3288, 0.3288]
ER_PE_MF=[0.2954, 0.301 , 0.302 , 0.302 , 0.2976, 0.3408, 0.2936, 0.3016, 0.3122,
 0.2894, 0.316 , 0.2984, 0.3006, 0.3188, 0.2994, 0.2988, 0.3038, 0.2958,
 0.3006, 0.3234]
ER_PE_MICE=[0.306 , 0.3036, 0.2954, 0.2998, 0.2884, 0.3106, 0.3026, 0.303 , 0.3084,
 0.2898, 0.3026, 0.305 , 0.2974, 0.3264, 0.3078, 0.3052, 0.3126, 0.3132,
 0.3096, 0.3194]
ER_MI=[0.3648, 0.362 , 0.359 , 0.3566, 0.3362, 0.3456, 0.3648, 0.3414, 0.3554,
 0.3478, 0.3652, 0.3706, 0.3436, 0.3462, 0.3288, 0.341 , 0.3478, 0.356 ,
 0.3632, 0.3682]
ER_MF=[0.3184, 0.3262, 0.3214, 0.3106, 0.3162, 0.3172, 0.3148, 0.3232, 0.319 ,
 0.3194, 0.326 , 0.3204, 0.3292, 0.318 , 0.309 , 0.3044, 0.3178, 0.3174,
 0.3204, 0.3294]
ER_MICE=[0.3218, 0.3262, 0.3194, 0.3082, 0.3216, 0.3244, 0.3204, 0.3348, 0.3252,
 0.3132, 0.3276, 0.3238, 0.3258, 0.323 , 0.3108, 0.3148, 0.326 , 0.3156,
 0.3162, 0.324 ]
