ER_Complete=[0.1478, 0.1424, 0.1508, 0.1492, 0.1528, 0.1508, 0.1488, 0.145 , 0.1504,
 0.1466, 0.1498, 0.1348, 0.146 , 0.1476, 0.1506, 0.1456, 0.1506, 0.1528,
 0.152 , 0.1516]
ER_PE_MI=[0.2782, 0.2716, 0.2844, 0.281 , 0.2704, 0.2818, 0.2902, 0.282 , 0.2798,
 0.2778, 0.2772, 0.2696, 0.2782, 0.272 , 0.2784, 0.281 , 0.288 , 0.2736,
 0.2832, 0.2876]
ER_PE_MF=[0.2722, 0.282 , 0.2848, 0.2878, 0.2798, 0.2882, 0.2806, 0.2748, 0.279 ,
 0.2776, 0.2784, 0.266 , 0.2824, 0.2756, 0.286 , 0.27  , 0.2756, 0.274 ,
 0.284 , 0.2808]
ER_PE_MICE=[0.2824, 0.2748, 0.2792, 0.2956, 0.2732, 0.2816, 0.2934, 0.2804, 0.2816,
 0.2896, 0.2872, 0.265 , 0.2946, 0.2796, 0.2732, 0.2858, 0.2822, 0.2724,
 0.2834, 0.2946]
ER_MI=[0.3068, 0.2912, 0.2952, 0.3082, 0.291 , 0.305 , 0.2966, 0.2922, 0.2954,
 0.2842, 0.2964, 0.2866, 0.2996, 0.2932, 0.3006, 0.2928, 0.2986, 0.2824,
 0.3008, 0.3036]
ER_MF=[0.3052, 0.3044, 0.316 , 0.311 , 0.3   , 0.3112, 0.3104, 0.29  , 0.3052,
 0.3108, 0.2998, 0.2914, 0.3074, 0.3032, 0.305 , 0.2852, 0.3012, 0.302 ,
 0.3106, 0.3112]
ER_MICE=[0.3194, 0.3064, 0.3092, 0.3224, 0.3074, 0.3176, 0.3154, 0.299 , 0.3082,
 0.304 , 0.3114, 0.2962, 0.31  , 0.306 , 0.298 , 0.3038, 0.3126, 0.3056,
 0.3198, 0.3238]
