ER_Complete=[0.157 , 0.1624, 0.1478, 0.148 , 0.1574, 0.1472, 0.1558, 0.1496, 0.1576,
 0.1544, 0.1592, 0.1632, 0.1594, 0.1488, 0.1574, 0.1628, 0.1516, 0.158 ,
 0.1514, 0.1542]
ER_PA=[0.3124, 0.328 , 0.3204, 0.3136, 0.3198, 0.347 , 0.319, 0.3144, 0.3194,
 0.3176, 0.33  , 0.3234, 0.33  , 0.3112, 0.3222, 0.3518, 0.3264, 0.3134,
 0.314 , 0.3534]
ER_MI=[0.3592, 0.357 , 0.3562, 0.3574, 0.3452, 0.3468, 0.3588, 0.3584, 0.3456,
 0.3578, 0.3756, 0.3418, 0.352 , 0.3584, 0.3666, 0.3536, 0.3618, 0.3516,
 0.3506, 0.3596]
ER_MF=[0.3106, 0.318 , 0.3146, 0.3136, 0.3206, 0.317 , 0.311 , 0.3296, 0.3104,
 0.3132, 0.3136, 0.3166, 0.3242, 0.3146, 0.3244, 0.3124, 0.3162, 0.3156,
 0.3118, 0.3154]
ER_MICE=[0.3088, 0.318 , 0.3126, 0.3136, 0.3162, 0.321 , 0.3168, 0.3214, 0.3072,
 0.3192, 0.3192, 0.3128, 0.3314, 0.312 , 0.3198, 0.3106, 0.3252, 0.322 ,
 0.3124, 0.3192]
